
-0.37548133817838
0.0834883568722117
-0.291991955998245
0.166976989741446
-0.208503538885433
0.250466602611259
-0.125014498065027
0.333953477641577
-0.0415296926480474
-0.417013258161274
0.0419552521131512
-0.333525349276216
0.125444286401047
-0.250037343228632
0.208930085409179
-0.166553535319712
0.292413128312286
-0.0830716239390216
0.37589308440184
0.000408491689994888
-0.375075616105855
0.0838912973664106
-0.291591687825538
0.167375300480041
-0.208107536267036
0.25085910504247
-0.124624785047914
0.334341498454852
-0.0411427212989447
-0.416626953932041
0.0423390047412655
-0.33314454340229
0.125823722508383
-0.249658489871981
0.209310344430528
-0.166170011892401
0.292799673890582
-0.0826810684615682
0.376288109660402
0.00080731512895074
-0.37467209583608
0.0842979811874364
-0.29118263948966
0.167788007834617
-0.207691238812682
0.251280090131579
-0.124198630609462
0.334773252249652
-0.0407047856517984
-0.416183343050078
0.0427891652563744
-0.332688140226584
0.126285744805802
-0.249191254194526
0.2097816451885
-0.165694869104843
0.293277954828346
-0.0822003265271034
0.376771772895346
0.00129327723654654
-0.374184382121679
0.0847884381735426
-0.290688861129692
0.168282814559232
-0.207196254041072
0.251775865072957
-0.123701891100657
0.335269451790994
-0.0402100379702466
-0.415689376114605
0.0432815339426039
-0.332198103938495
0.126773645461857
-0.248705160687656
0.210266048179273
-0.165213322390736
0.293758198047984
-0.0817213746218735
0.377248224502442
0.00176721585782022
-0.373714046616331
0.0852542759660449
-0.290228731544578
0.168738638476402
-0.206744993251466
0.252221613034197
-0.123263021921206
0.335702201961896
-0.0397827199682369
-0.415266728289797
0.0437006507593959
-0.331782618282245
0.127182870785177
-0.248300323677359
0.210669127009074
-0.164812202915664
0.294154797362393
-0.0813277490956744
0.377638339535169
0.00215540967948587
-0.373327994273828
0.0856387811596346
-0.289844085578057
0.16912459023752
-0.206354396222754
0.25261723075632
-0.122861733373109
0.336109618944787
-0.0393683133018695
-0.414845032041866
0.0441295980733596
-0.331344979639624
0.12762978520527
-0.247845544826325
0.211128997283389
-0.164346707977924
0.29462748253178
-0.0808501517376332
0.378122978316031
0.00264612693720494
-0.372831847105976
0.0861413645987588
-0.289335999357446
0.169636488246205
-0.205839815230246
0.253134462735383
-0.122341510683001
0.336632259315841
-0.0388448015256111
-0.414323584341465
0.0446469351482553
-0.330833396196869
0.128137240192546
-0.247342731039028
0.211625780570847
-0.163857053446883
0.295110588941206
-0.0803705162656047
0.378598510967246
0.00311724134679734
-0.372364061004619
0.0866043456302834
-0.288878355178336
0.170089250744367
-0.205392471320359
0.25357830563774
-0.121900700447469
0.337070457789675
-0.0384087121941792
-0.413888654252941
0.0450799633703558
-0.330400817056583
0.1285706823823
-0.246907628348456
0.21206265632343
-0.163417880821267
0.295552634995071
-0.0799257283605237
0.37904477104536
0.00356452552252453
-0.371914970216727
0.0870565602806305
-0.288422944430797
0.170548426427596
-0.204931135544294
0.254039920288739
-0.121438930559749
0.337533470761418
-0.0379442604367949
-0.413421642204509
0.0455512114337419
-0.329925128125351
0.129050417673345
-0.24642284251557
0.212553811006871
-0.162920039371801
0.296056802146262
-0.0794152983884241
0.379563259012389
0.00409171287793581
-0.371379509805167
0.0875986479518114
-0.287873894707929
0.171103095360704
-0.204370324565427
0.254606644423392
-0.120865264671877
0.33811380921211
-0.0373558201825687
-0.412825057810736
0.0461558417117446
-0.329313304710443
0.129668448496675
-0.24579897496416
0.213184553383509
-0.162282884304673
0.296699334496273
-0.078768828786308
0.380213989192708
0.00474721056573851
-0.370720195050906
0.0882624487984554
-0.287204945241826
0.171777418582409
-0.203691471788675
0.25528962184479
-0.120180337451199
0.338799866282956
-0.0366683916693352
-0.412135933261108
0.0468470340228067
-0.328620232594247
0.130362480729891
-0.245104763884764
0.213878537946219
-0.161587449435723
0.297396286616923
-0.0780689153292328
0.380915770691589
0.00544962896773921
-0.370016295387707
0.0889676862100718
-0.286498068862371
0.172485315043052
-0.202983119235077
0.255997186055022
-0.119473793283062
0.33950379674779
-0.0359684956632287
-0.411440519687877
0.0475375822218004
-0.327933470777278
0.131046559183474
-0.244423486167385
0.214557335176955
-0.16091320878211
0.298065369957291
-0.0774076856656158
0.381569822883954
0.00609746104108487
-0.369374294658261
0.0896045248623815
-0.285867672522049
0.173110350749864
-0.202361423289721
0.256616333535303
-0.11885664764411
0.340119455325789
-0.0353541883126064
-0.410826590007702
0.0481507734465535
-0.327323268447934
0.131653554681813
-0.243820637211982
0.215156482860833
-0.160315448253303
0.298662177198994
-0.0768097856088541
0.382168704572226
0.0066974987688631
-0.368774309316529
0.0902040721829089
-0.285266584860768
0.173712377638671
-0.201759165200023
0.257219060500832
-0.11825251988067
0.340727534822109
-0.0347425269389126
-0.410212623682097
0.0487663866871857
-0.326704334560678
0.132275312597271
-0.243195775949798
0.215784241415684
-0.159685225796798
0.299295773020636
-0.0761737455640473
0.382807269116803
0.00733785179314365
-0.368131314277991
0.0908507565482376
-0.284617049540146
0.17436690431962
-0.201098219307811
0.257886486377411
-0.11757899674673
0.341405481766567
-0.0340598798473321
-0.409525780974208
0.0494577297212449
-0.326009205117256
0.132974136842266
-0.242490309635447
0.216495180526768
-0.158970504258585
0.300014042539414
-0.0754526678588479
0.383530693930098
0.00806449483019377
-0.367402004143856
0.091580540477054
-0.283885908960189
0.175097250894414
-0.200369116620277
0.258613533788571
-0.116853914444997
0.342129364139051
-0.0333354964873319
-0.408800448543136
0.0501849755088514
-0.325279202179731
0.133707282966252
-0.241757612533863
0.217227305877236
-0.158237730053487
0.300746520582723
-0.0747192254097863
0.384265595490911
0.00880061274738814
-0.366665079612139
0.0923190447929861
-0.283148793593214
0.175833364798316
-0.199635126322268
0.259348356692757
-0.116117387081967
0.342866161464255
-0.0326004561544163
-0.408067174595624
0.050915901140262
-0.324552125360786
0.134429398836676
-0.241039232926519
0.217941161439955
-0.157528530705299
0.301451610871327
-0.0740182670988465
0.384961915471296
0.00949374950468609
-0.365975209734221
0.0930035327918729
-0.28246813699912
0.176510032982994
-0.198961858131165
0.26001462569263
-0.115460209725372
0.343516410851967
-0.0319565350663809
-0.407428856749166
0.051549219559959
-0.323924051370198
0.13505220197372
-0.240421813803985
0.218556144295311
-0.156914513603952
0.30206483119978
-0.0734052694102547
0.38557467008653
0.010104761167667
-0.365365377639887
0.0936151609959575
-0.28185319578757
0.177129013146971
-0.19833811775843
0.260646228501846
-0.114817905156091
0.344168332755241
-0.0312959284189207
-0.406758711108956
0.0522297906414188
-0.323229928294529
0.13576064777064
-0.239698817377543
0.219291445399038
-0.156168215957816
0.302823157624424
-0.0726350095066259
0.386356046014915
0.0108972393683343
-0.364560762956786
0.0944309528546311
-0.281027595750317
0.177963747959803
-0.197494841043598
0.261497304682381
-0.113959836884757
0.345033903442907
-0.0304215301779356
-0.40587618370626
0.0531185073359352
-0.322336764576624
0.136657274148427
-0.238797770808322
0.220197099919208
-0.155258658407627
0.303734872325427
-0.0717208771926088
0.387273745031488
0.0118173802412759
-0.363640344772774
0.0953517980078476
-0.280105681816195
0.178887925659916
-0.196569677296078
0.262422055743228
-0.113037709081153
0.345952742510172
-0.0295079346981055
-0.404968636782221
0.054019828407928
-0.321441198566309
0.137546959864249
-0.237914461164202
0.221073459320516
